PROBLEMA 1:
4
5
7 5 3 8 9
8
8 9 7 6 5 3 4 2
2
3 -5
8
4 -1 5 3 7 7 6 8

PROBLEMA 2:
4
1 2 3 4
5
10 1 2 3 4
4
1 1 2 2
0

PROBLEMA 3:
3
5 7 -3 4 7 -3 -2 6 5 4 7 1 2 7 3 0
6 6 6 0
5 0

PROBLEMA 4:
5 Bel
Esl Esl Esl Brit Brit
6 Esp
Esp Brit Col Ecu Esp Alem
4 Esp
Alem Esp Esp Esp
0

PROBLEMA 5:
4
15 5
-25 7 3 -4 7 3 8 9 8 10 40 9 8 9 10
4 0
-17 -1 5 65
4 3
4 -30 6 28
5 2
5 -3 4 36 4

PROBLEMA 6:
5
8
2 1 1 0 2 3 0 2
6
0 1 0 1 1 1
5
1 1 1 1 1
4
2 3 2 3
1
0

PROBLEMA 7:
5
6
5 -3 5 4 -3 -3
4
9 9 9 1
8
5 5 1 3 3 10 10 4
3
1 1 1
3
2147483646 2147483647 2147483647

PROBLEMA 8:
4
10
3 5 8 25 12 14 5 7 0 2
7
6 2 3 1 0 8 12
3
1 4 0
8
9 45 5 20 10 1 6 3

PROBLEMA 9:
300 11
1200 1250 1350 1400 1300 1600 1600 1600 1700 1500 1300
300 10
1200 1250 1350 1400 1550 1550 1550 1700 1500 1300
0 4
10 10 10 10

PROBLEMA 10:
2
10 5
3 6 4 8 9 8 7 2 8 9
7 5
8 8 8 2 3 9 9

PROBLEMA 11:
6
2
1000 1500
2
1500 1000
5
1500 1600 1200 1000 2000
6
1500 1200 1000 1000 1000 500
10
2250 2200 2300 2350 2325 2300 2210 2190 2101 1940
12
1000 950 900 825 910 800 750 700 650 650 500 425

PROBLEMA 12:
6
0
1
5
2
3 2
10
2 3 2 3 4 5 6 5 4 3
10
1 1 2 3 4 8 7 6 5 6
10
-2 2 2 2 2 2 2 2 2 2

PROBLEMA 13:
5
8 4
1 2 6 4 8 10 3 7
8 2
1 2 4 3 9 6 8 7
4 7
2 4 6 8
3 0
2 4 6
3 1
2 4 6

PROBLEMA 14:
5
3
1 3 5
3
6 2 7
0
4
1 2 3 4
4
8 2 6 4

PROBLEMA 15:
3 2
-6 4 2
3 2
6 -4 2
3 2
6 4 -2
2 2
6 -9
2 2
-6 9
5 4
3 2 1 4 -2
5 4
3 -1 -1 2 6
6 4
2 1 -4 2 -1 -3
10 6
-1 2 -1 2 -1 2 -1 2 -1 2
10 6
1 2 3 4 5 -6 7 8 9 10
0

PROBLEMA 16:
5
3 10
-3 2 7 1 3 0 0 8 1 0
2 5
7 -9 6 2 7
1 5
8 1 1 1 1
10 10
2 3 4 5 6 7 8 9 10 11
2 10
-1 -1 1 0 1 0 1 0 1 0

PROBLEMA 17:
7
45637
555
2
90
3050217
0
99

PROBLEMA 18:
33374
33373
84
85
9
0

PROBLEMA 19:
6
7214
85
22
10
1000
1274

PROBLEMA 20:
2 6 3 8 0
6 12 8 18 10 15 16 40 0
5 5 5 5 0
2 6 1 8 0
1 3 2 5 3 1 3 4 0
0

PROBLEMA 21:
5
7 5 3 8 9
8
9 8 7 6 5 4 3 2
1
2
2
3 5
10
34 25 12 10 9 8 7 6 5 9

PROBLEMA 22:
12
a e
a b c e
c h
d e f g h
c h
c e f g h
c h
c d f g h
c h
c d e g h
c h
c d e f h
c h
c d e f g
d h
e f g h
d h
d f g h
d h
d e g h
d h
d e f h
d h
d e f g

PROBLEMA 23:
4
8 6 4 2
4
2 8 6 4
4
4 2 8 6
4
6 4 2 8
5
8 5 3 1 10
5
5 3 1 10 8
6
70 55 13 4 100 80

PROBLEMA 24:
4
7 8
3 6 8 11 14 17 20
6 2
0 3 5 7 9 11
4 5
0 4 7 12
5 4
1 3 7 9 12

PROBLEMA 25:
3 4
1 3 2 6
2 5 4 11
2 3 3 10
3 8
2 6 7 12 1 8 15 22
2 5 2 6 2 3 3 4
1 2 3 4 5 6 7 8
2 8
2 5 2 16 2 8 16 50
1 3 4 5 2 8 14 15
1 4
1 3 2 3


PROBLEMA 26:
3
3 2 1
6
4 3 2 1 6 5

PROBLEMA 27:
5
1
3
2
1 2
2 4
2
1 2
3 4
4
1 2 -1 3
2 4 1 3
0 2 5 7
0 6 0 0
4
1 2 6 2
2 4 9 3
0 2 5 7
0 6 0 0

PROBLEMA 28:
4
JORGE 2
ANA 3
MANUEL 5
BEATRIZ 8
8
LUIS 10
JOSE 1
MARTA 1
CARLA 5
JORGE 2
ANA 3
MANUEL 6
BEATRIZ 8
4
JORGE 4
ANA 4
MANUEL 2
BEATRIZ 4

PROBLEMA 29:
4
2 6 3 8
8
6 12 8 18 10 15 16 40
8
6 12 8 18 11 15 17 41
16
1 3 2 5 3 1 3 4 4 6 8 2 3 5 7 2
0

PROBLEMA 30:
1
2
3
0

PROBLEMA 31:
4 4 4 4
5 2 2 2
5 3 3 1
2 1 2 1
0 0 0 0

PROBLEMA 32:
2 0
0
2 0
1
1 1
8 0
0
0 8
0

PROBLEMA 33:
3
10 20 30
40 20 10
60 10 20
3
10 15 20
30 40 50
60 80 99
0

PROBLEMA 34:
3
10 20 30
40 20 10
60 10 20
3
10 15 20
30 40 50
60 80 99
0

PROBLEMA 35:
2
6 10
1820 510 370 1000 460 324 505 640 2030 409
2000 430 450 1110 606 290 530 670 2104 501
1760 502 395 1200 550 199 525 702 1830 550
2130 640 560 1307 735 450 600 720 2150 575
1143 455 505 1140 500 400 350 550 2030 399
1200 475 403 1002 560 350 502 640 2009 460
4 1
4020
3560
5540
3540

PROBLEMA 38:
5
1 1
-5
2 2
7 7
1 3
8 8 8
3 10
2 2 -1 -1 -1 -1 -1 2 2 2
1 10
0 1 2 3 4 5 6 7 8 9